======================================================================
COMPARING IMPORT SECTIONS
======================================================================
0x400: FASM: 00 00 00 00 00 00 00 00 00 00 00 00 40 20 00 00
0x400:  SYN: 28 20 00 00 00 00 00 00 00 00 00 00 B8 20 00 00 <<<< DIFF

0x410: FASM: 28 20 00 00 00 00 00 00 00 00 00 00 00 00 00 00
0x410:  SYN: 70 20 00 00 00 00 00 00 00 00 00 00 00 00 00 00 <<<< DIFF

0x420: FASM: 00 00 00 00 00 00 00 00 4D 20 00 00 00 00 00 00
0x420:  SYN: 00 00 00 00 00 00 00 00 C6 20 00 00 00 00 00 00 <<<< DIFF

0x430: FASM: 5B 20 00 00 00 00 00 00 00 00 00 00 00 00 00 00
0x430:  SYN: D4 20 00 00 00 00 00 00 E4 20 00 00 00 00 00 00 <<<< DIFF

0x440: FASM: 4B 45 52 4E 45 4C 33 32 2E 44 4C 4C 00 00 00 45
0x440:  SYN: F2 20 00 00 00 00 00 00 FE 20 00 00 00 00 00 00 <<<< DIFF

0x450: FASM: 78 69 74 50 72 6F 63 65 73 73 00 00 00 56 69 72
0x450:  SYN: 0A 21 00 00 00 00 00 00 18 21 00 00 00 00 00 00 <<<< DIFF

0x460: FASM: 74 75 61 6C 41 6C 6C 6F 63 00 00 00 00 00 00 00
0x460:  SYN: 26 21 00 00 00 00 00 00 00 00 00 00 00 00 00 00 <<<< DIFF

0x470: FASM: 00 00 00 00 00 00 00 00 00 00 00 00 00 00 00 00
0x470:  SYN: C6 20 00 00 00 00 00 00 D4 20 00 00 00 00 00 00 <<<< DIFF

0x480: FASM: 00 00 00 00 00 00 00 00 00 00 00 00 00 00 00 00
0x480:  SYN: E4 20 00 00 00 00 00 00 F2 20 00 00 00 00 00 00 <<<< DIFF

0x490: FASM: 00 00 00 00 00 00 00 00 00 00 00 00 00 00 00 00
0x490:  SYN: FE 20 00 00 00 00 00 00 0A 21 00 00 00 00 00 00 <<<< DIFF

0x4A0: FASM: 00 00 00 00 00 00 00 00 00 00 00 00 00 00 00 00
0x4A0:  SYN: 18 21 00 00 00 00 00 00 26 21 00 00 00 00 00 00 <<<< DIFF

0x4B0: FASM: 00 00 00 00 00 00 00 00 00 00 00 00 00 00 00 00
0x4B0:  SYN: 00 00 00 00 00 00 00 00 4B 45 52 4E 45 4C 33 32 <<<< DIFF

0x4C0: FASM: 00 00 00 00 00 00 00 00 00 00 00 00 00 00 00 00
0x4C0:  SYN: 2E 44 4C 4C 00 90 00 00 45 78 69 74 50 72 6F 63 <<<< DIFF

0x4D0: FASM: 00 00 00 00 00 00 00 00 00 00 00 00 00 00 00 00
0x4D0:  SYN: 65 73 73 00 00 00 56 69 72 74 75 61 6C 41 6C 6C <<<< DIFF

0x4E0: FASM: 00 00 00 00 00 00 00 00 00 00 00 00 00 00 00 00
0x4E0:  SYN: 6F 63 00 90 00 00 56 69 72 74 75 61 6C 46 72 65 <<<< DIFF

0x4F0: FASM: 00 00 00 00 00 00 00 00 00 00 00 00 00 00 00 00
0x4F0:  SYN: 65 00 00 00 57 72 69 74 65 46 69 6C 65 00 00 00 <<<< DIFF

