======================================================================
COMPARING IMPORT SECTIONS
======================================================================
0x400: FASM: 00 00 00 00 00 00 00 00 00 00 00 00 40 20 00 00
0x400:  SYN: 00 00 00 00 00 00 00 00 00 00 00 00 70 20 00 00 <<<< DIFF

0x410: FASM: 28 20 00 00 00 00 00 00 00 00 00 00 00 00 00 00
0x410:  SYN: 28 20 00 00 00 00 00 00 00 00 00 00 00 00 00 00 
0x420: FASM: 00 00 00 00 00 00 00 00 4D 20 00 00 00 00 00 00
0x420:  SYN: 00 00 00 00 00 00 00 00 7E 20 00 00 00 00 00 00 <<<< DIFF

0x430: FASM: 5B 20 00 00 00 00 00 00 00 00 00 00 00 00 00 00
0x430:  SYN: 8C 20 00 00 00 00 00 00 9C 20 00 00 00 00 00 00 <<<< DIFF

0x440: FASM: 4B 45 52 4E 45 4C 33 32 2E 44 4C 4C 00 00 00 45
0x440:  SYN: AA 20 00 00 00 00 00 00 B6 20 00 00 00 00 00 00 <<<< DIFF

0x450: FASM: 78 69 74 50 72 6F 63 65 73 73 00 00 00 56 69 72
0x450:  SYN: C2 20 00 00 00 00 00 00 D0 20 00 00 00 00 00 00 <<<< DIFF

0x460: FASM: 74 75 61 6C 41 6C 6C 6F 63 00 00 00 00 00 00 00
0x460:  SYN: DE 20 00 00 00 00 00 00 00 00 00 00 00 00 00 00 <<<< DIFF

0x470: FASM: 00 00 00 00 00 00 00 00 00 00 00 00 00 00 00 00
0x470:  SYN: 4B 45 52 4E 45 4C 33 32 2E 44 4C 4C 00 90 00 00 <<<< DIFF

0x480: FASM: 00 00 00 00 00 00 00 00 00 00 00 00 00 00 00 00
0x480:  SYN: 45 78 69 74 50 72 6F 63 65 73 73 00 00 00 56 69 <<<< DIFF

0x490: FASM: 00 00 00 00 00 00 00 00 00 00 00 00 00 00 00 00
0x490:  SYN: 72 74 75 61 6C 41 6C 6C 6F 63 00 90 00 00 56 69 <<<< DIFF

0x4A0: FASM: 00 00 00 00 00 00 00 00 00 00 00 00 00 00 00 00
0x4A0:  SYN: 72 74 75 61 6C 46 72 65 65 00 00 00 57 72 69 74 <<<< DIFF

0x4B0: FASM: 00 00 00 00 00 00 00 00 00 00 00 00 00 00 00 00
0x4B0:  SYN: 65 46 69 6C 65 00 00 00 52 65 61 64 46 69 6C 65 <<<< DIFF

0x4C0: FASM: 00 00 00 00 00 00 00 00 00 00 00 00 00 00 00 00
0x4C0:  SYN: 00 90 00 00 43 72 65 61 74 65 46 69 6C 65 41 00 <<<< DIFF

0x4D0: FASM: 00 00 00 00 00 00 00 00 00 00 00 00 00 00 00 00
0x4D0:  SYN: 00 00 43 6C 6F 73 65 48 61 6E 64 6C 65 00 00 00 <<<< DIFF

0x4E0: FASM: 00 00 00 00 00 00 00 00 00 00 00 00 00 00 00 00
0x4E0:  SYN: 47 65 74 53 74 64 48 61 6E 64 6C 65 00 90 00 00 <<<< DIFF

0x4F0: FASM: 00 00 00 00 00 00 00 00 00 00 00 00 00 00 00 00
0x4F0:  SYN: 00 00 00 00 00 00 00 00 00 00 00 00 00 00 00 00 
